<?xml version="1.0" encoding="UTF-8" ?>
<profile>
 <_description>IFRA26S 2004 Newsprint</_description>
 <_copyright>This profile is free of known copyright restrictions</_copyright>
 <!--
  TRANSLATORS: TVI stands for 'tone value increase' and is another name for
  dot gain, coldset means letting the ink dry without heating it
 -->
 <_model>
  This profile is use for printing on newsprint, and is an ISO12647-3:2005
  compliant profile designed for a printing press exhibiting 26% TVI (dot gain).
  It is recommended by WAN-IFRA for coldset printing on newsprint worldwide.
 </_model>
 <manufacturer>ArgyllCMS</manufacturer>
 <license>CC0</license>
 <data_source>standard</data_source>
 <standard_space>ifra26</standard_space>
 <input_viewing_conditions>pp</input_viewing_conditions>
 <output_viewing_conditions>pp</output_viewing_conditions>
 <tlimit>230</tlimit>
 <klimit>95</klimit>
 <data_ti3>CTI3
KEYWORD "DEVICE_CLASS"
DEVICE_CLASS "OUTPUT"
KEYWORD "COLOR_REP"
COLOR_REP "CMYK_LAB"
ORIGINATOR	"Ifra. www.ifra.com"
DESCRIPTOR	"Ifra26S"
CREATED	"30.06.2004"
INSTRUMENTATION	"GRETAGMACBETH SpectroScan. D50. 2 degree. geometry 45/0. no polarisation filter. white backing"
PRINT_CONDITIONS	"Newspaper Coldset-Offset printing according to ISO/DIS 12647-3:2004. standard newsprint. screen ruling 40 l/cm ± 2 l/cm"
NUMBER_OF_FIELDS	11
BEGIN_DATA_FORMAT
SAMPLE_ID	CMYK_C	CMYK_M	CMYK_Y	CMYK_K	XYZ_X	XYZ_Y	XYZ_Z	LAB_L	LAB_A	LAB_B
END_DATA_FORMAT
NUMBER_OF_SETS	928
BEGIN_DATA
1	100	0	0	0	20.79	27.15	39.6	59.11	-23.94	-27.1
2	0	100	0	0	34.74	23.42	19	55.5	47.62	0.68
3	0	0	100	0	54.74	57.34	11.8	80.37	-1.38	61.56
4	100	100	0	0	13.36	12.77	19.37	42.41	6.99	-22.67
5	100	0	100	0	15.39	22.8	11.85	54.87	-34.25	17.45
6	0	100	100	0	31.88	21.81	8.66	53.82	44.81	26.04
7	100	100	100	0	11.09	11.49	9.37	40.39	0.09	0.37
8	70	70	0	0	17.19	16.13	22.2	47.14	9.26	-20.26
9	70	0	70	0	20.49	27.85	14.92	59.76	-28.15	17.52
10	0	70	70	0	34.61	25.63	10.71	57.68	37.75	25.78
11	40	40	0	0	26.85	25.66	29.11	57.71	8.79	-14.24
12	0	40	40	0	41.86	35.42	17.34	66.07	24.85	22.58
13	40	40	40	0	24.04	23.83	17.05	55.91	4.75	5.72
14	40	0	40	0	31.65	38.25	22.86	68.2	-18.04	14.78
15	20	20	0	0	40.45	39.89	37.43	69.39	6.24	-6.46
16	20	0	20	0	45.05	49.99	33.31	76.06	-8.84	10.91
17	0	20	20	0	50.69	47.42	28.19	74.46	13.64	16.12
18	100	0	0	100	7.25	8.09	7.71	34.17	-5.24	-4.26
19	0	100	0	100	9.13	7.98	5.85	33.95	12.58	3.36
20	0	0	100	100	10.76	11.15	5.57	39.84	0.05	14.81
21	100	100	0	100	7.05	7.01	6.94	31.82	2.98	-5.19
22	100	0	100	100	7.72	9.2	6.19	36.36	-10.2	5.94
23	0	100	100	100	10.18	8.81	5.26	35.61	13.91	9.09
24	100	100	100	100	6.8	7.04	5.68	31.89	0.16	0.6
25	0	0	0	100	9.25	9.41	6.67	36.76	1.48	4.46
26	0	0	0	0	64.42	66.4	50.04	85.2	0.9	5.18
27	90	0	0	0	22.21	28.6	40.22	60.43	-22.9	-25.64
28	80	0	0	0	23.89	30.28	40.92	61.9	-21.73	-24.01
29	70	0	0	0	26.04	32.39	41.69	63.67	-20.2	-21.95
30	60	0	0	0	28.83	35.08	42.61	65.81	-18.3	-19.42
31	50	0	0	0	32.33	38.38	43.66	68.3	-16.02	-16.44
32	40	0	0	0	36.47	42.2	44.78	71.01	-13.43	-13.13
33	30	0	0	0	41.75	46.95	46.02	74.16	-10.35	-9.2
34	25	0	0	0	44.83	49.67	46.68	75.87	-8.65	-7.03
35	20	0	0	0	48.14	52.57	47.35	77.62	-6.88	-4.8
36	15	0	0	0	51.77	55.71	48	79.45	-5.02	-2.41
37	10	0	0	0	55.71	59.07	48.67	81.33	-3.09	0.06
38	7	0	0	0	58.18	61.17	49.08	82.47	-1.92	1.56
39	3	0	0	0	61.69	64.12	49.63	84.03	-0.31	3.63
40	0	90	0	0	35.62	24.57	20.12	56.65	45.61	0.3
41	0	80	0	0	36.62	25.91	21.44	57.95	43.36	-0.13
42	0	70	0	0	38.07	27.82	23.12	59.73	40.4	-0.32
43	0	60	0	0	40.01	30.43	25.31	62.02	36.65	-0.38
44	0	50	0	0	42.5	33.83	28.04	64.83	32.12	-0.22
45	0	40	0	0	45.49	38.03	31.26	68.05	26.97	0.18
46	0	30	0	0	49.16	43.32	35.09	71.77	21.14	0.91
47	0	25	0	0	51.2	46.29	37.18	73.74	18.08	1.38
48	0	20	0	0	53.37	49.54	39.4	75.79	14.91	1.92
49	0	15	0	0	55.87	53.28	41.87	78.04	11.49	2.61
50	0	10	0	0	58.58	57.39	44.51	80.4	7.96	3.39
51	0	7	0	0	60.27	59.99	46.14	81.83	5.82	3.89
52	0	3	0	0	62.57	63.53	48.3	83.72	3.05	4.61
53	0	0	90	0	55.01	57.68	12.83	80.56	-1.52	58.92
54	0	0	80	0	55.32	58.07	14.05	80.78	-1.67	55.99
55	0	0	70	0	55.77	58.57	15.74	81.05	-1.74	52.19
56	0	0	60	0	56.35	59.18	18.02	81.39	-1.74	47.46
57	0	0	50	0	57.1	59.91	20.98	81.79	-1.62	41.89
58	0	0	40	0	58.04	60.79	24.67	82.27	-1.38	35.68
59	0	0	30	0	59.23	61.88	29.36	82.85	-1.03	28.69
60	0	0	25	0	59.92	62.49	32.05	83.17	-0.79	25.04
61	0	0	20	0	60.66	63.14	34.99	83.52	-0.53	21.31
62	0	0	15	0	61.52	63.91	38.33	83.92	-0.25	17.37
63	0	0	10	0	62.46	64.75	42.02	84.35	0.08	13.3
64	0	0	7	0	63.04	65.25	44.34	84.61	0.28	10.85
65	0	0	3	0	63.81	65.89	47.48	84.94	0.62	7.67
66	0	0	0	90	10.81	11.01	7.84	39.59	1.47	4.56
67	0	0	0	80	12.63	12.88	9.22	42.58	1.46	4.64
68	0	0	0	70	15.09	15.41	11.11	46.18	1.42	4.69
69	0	0	0	60	18.1	18.5	13.44	50.1	1.36	4.73
70	0	0	0	50	22.46	23.01	16.87	55.08	1.28	4.73
71	0	0	0	40	27.85	28.57	21.13	60.4	1.2	4.72
72	0	0	0	30	34.63	35.58	26.49	66.2	1.11	4.77
73	0	0	0	25	38.49	39.57	29.55	69.16	1.07	4.79
74	0	0	0	20	42.71	43.94	32.89	72.19	1.03	4.84
75	0	0	0	15	47.49	48.88	36.67	75.38	1	4.91
76	0	0	0	10	52.71	54.28	40.79	78.62	0.97	4.99
77	0	0	0	7	56.03	57.72	43.41	80.58	0.95	5.05
78	0	0	0	3	60.72	62.57	47.12	83.22	0.92	5.12
79	40	100	0	0	21.1	16.79	19.33	48	25.45	-12.96
80	40	100	40	0	19.36	15.88	12.87	46.82	22	0.63
81	0	100	40	0	33.06	22.58	12.61	54.64	45.46	14.87
82	40	100	100	0	18.41	15.39	9.15	46.17	19.96	11.09
83	0	40	100	0	39.64	33.52	10	64.58	24.46	39.95
84	40	40	100	0	22.57	22.69	10.44	54.76	3.16	21.57
85	70	70	70	0	14.69	14.72	11.18	45.25	3.04	2.85
86	40	0	100	0	28.91	35.56	11.94	66.18	-19.59	36.7
87	100	40	100	0	13.04	15.9	10.5	46.84	-14.23	7.72
88	100	0	40	0	17.28	24.48	21.08	56.56	-30.85	-1.81
89	100	40	40	0	14.13	16.66	16.42	47.83	-11.47	-6.74
90	100	40	0	0	16.33	17.95	27.05	49.44	-5.45	-25.09
91	100	100	40	0	12	12.08	13.08	41.34	2.5	-9.4
92	70	100	20	0	15.08	13.68	15.74	43.77	11.77	-12.08
93	20	70	20	0	28.05	22.4	17.91	54.45	27.66	1.24
94	20	70	40	0	27.07	21.83	14.3	53.84	26.38	8.9
95	20	100	70	0	24.38	18.39	10.17	49.96	31.86	14.19
96	20	70	70	0	26.18	21.25	10.96	53.22	25.43	17.28
97	20	70	100	0	25.8	20.96	9.42	52.91	25.18	21.79
98	20	20	70	0	34.57	35.23	13.78	65.92	2.07	31.09
99	70	20	100	0	17.82	22.05	11.2	54.07	-17.26	18.03
100	70	20	70	0	18.26	22.45	13.6	54.5	-16.75	11.88
101	100	20	70	0	14.52	19.22	13.39	50.95	-22.56	6.33
102	70	20	20	0	20.81	24.36	25.12	56.44	-12.31	-9.66
103	100	70	20	0	13.45	13.93	17.48	44.14	0.12	-15.55
104	70	70	20	0	16.18	15.58	17.64	46.42	6.74	-11.97
105	70	100	70	0	13.78	12.97	10.47	42.72	8.29	0.74
106	40	70	40	0	20.84	18.32	14.32	49.88	16.1	2.02
107	20	40	20	0	32.81	29.71	22.53	61.41	15.44	3.7
108	70	100	100	0	13.5	12.81	9.31	42.47	7.59	4.17
109	20	40	40	0	31.47	28.8	17.18	60.6	14.08	13.52
110	70	70	100	0	14.44	14.57	9.75	45.04	2.41	7.08
111	40	40	70	0	22.95	23.01	12.49	55.08	3.46	15.95
112	20	20	40	0	36.24	36.65	20.05	67.01	3.03	18.32
113	20	20	20	0	38.01	38.05	27.18	68.06	4.3	6.78
114	100	70	100	0	11.77	12.92	9.76	42.64	-4.73	2.92
115	70	40	70	0	16.5	18.48	12.46	50.07	-7.18	7.4
116	40	20	40	0	27.27	29.74	19.59	61.43	-5.52	9.64
117	100	70	70	0	12.04	13.12	11.18	42.94	-4.09	-1.12
118	40	40	20	0	25.23	24.6	22.09	56.69	6.52	-3.6
119	100	100	70	0	11.39	11.71	10.54	40.76	0.7	-2.89
120	40	20	20	0	28.92	30.99	26.3	62.5	-3.67	-1.28
121	70	40	40	0	17.4	19.09	16.71	50.79	-5.32	-2.29
122	100	85	85	100	7.06	7.37	5.85	32.63	-0.47	1.05
123	100	85	85	80	7.45	7.8	6.19	33.56	-0.69	1.11
124	100	85	85	60	7.97	8.39	6.68	34.79	-1.14	1.02
125	80	65	65	100	7.62	7.9	6.11	33.77	0.08	1.8
126	80	65	65	80	8.02	8.34	6.5	34.68	-0.21	1.61
127	80	65	65	60	8.61	9	7.06	35.99	-0.62	1.49
128	80	65	65	40	9.71	10.19	8.07	38.19	-0.94	1.25
129	60	45	45	100	8.01	8.26	6.39	34.53	0.39	1.84
130	60	45	45	80	8.68	8.99	6.92	35.97	0.11	2.03
131	60	45	45	60	9.68	10.08	7.78	37.99	-0.36	2.03
132	60	45	45	40	11.5	12.03	9.38	41.26	-0.7	1.84
133	60	45	45	20	14.42	15.08	11.89	45.74	-0.72	1.59
134	40	27	27	100	8.39	8.61	6.6	35.23	0.76	2.14
135	40	27	27	80	9.59	9.88	7.51	37.63	0.5	2.48
136	40	27	27	60	11.38	11.78	8.95	40.86	0.14	2.63
137	40	27	27	40	14.63	15.21	11.7	45.92	-0.22	2.45
138	40	27	27	20	19.74	20.56	16.09	52.47	-0.42	2.05
139	40	27	27	10	23.2	24.17	19.08	56.26	-0.47	1.81
140	20	12	12	100	8.81	8.99	6.67	35.96	1.22	3.09
141	20	12	12	80	10.96	11.23	8.34	39.97	0.99	3.31
142	20	12	12	60	14.21	14.62	10.9	45.12	0.69	3.49
143	20	12	12	40	19.98	20.64	15.6	52.56	0.37	3.41
144	20	12	12	20	28.85	29.9	23.03	61.57	0.08	3.03
145	20	12	12	10	34.89	36.18	28.1	66.66	0.04	2.84
146	10	6	6	100	9.03	9.2	6.68	36.37	1.33	3.75
147	10	6	6	80	11.79	12.05	8.78	41.29	1.25	3.98
148	10	6	6	60	16.03	16.45	12.09	47.55	1.01	4.13
149	10	6	6	40	23.56	24.25	18.09	56.34	0.77	4.11
150	10	6	6	20	35.12	36.23	27.43	66.7	0.61	4.02
151	10	6	6	10	42.98	44.37	33.82	72.48	0.59	3.96
152	100	85	85	0	11.49	12.17	10.07	41.48	-1.72	-0.11
153	80	65	65	0	13.85	14.5	11.72	44.94	-0.79	0.71
154	60	45	45	0	18.45	19.27	15.39	51	-0.67	1.24
155	40	27	27	0	26.95	28.11	22.36	59.99	-0.63	1.59
156	20	12	12	0	41.66	43.23	33.8	71.71	-0.09	2.69
157	10	6	6	0	51.84	53.58	41.07	78.21	0.48	3.93
158	5	3	3	0	57.77	59.6	45.29	81.62	0.74	4.55
159	100	0	0	20	15.56	19.67	25.87	51.46	-18.59	-19.57
160	0	100	0	20	24.25	17.37	13.86	48.72	36.63	1.23
161	0	0	100	20	35.77	37.47	9.36	67.63	-1.19	47.36
162	100	100	0	20	11.08	10.72	14.49	39.11	5.56	-16.99
163	100	0	100	20	12.46	17.49	9.77	48.87	-26.79	13.64
164	0	100	100	20	22.81	16.65	7.37	47.82	34.17	20.62
165	40	40	0	20	19.63	18.97	20.08	50.65	6.86	-9.96
166	40	0	40	20	22.57	26.71	16.4	58.7	-13.87	12.06
167	0	40	40	20	29.01	25.3	13.07	57.36	18.8	18.26
168	100	100	0	40	9.37	9.17	11.03	36.32	4.4	-12.08
169	100	0	100	40	10.33	13.71	8.2	43.81	-20.31	10.47
170	0	100	100	40	16.68	13.02	6.4	42.79	25.21	16.06
171	40	40	0	40	14.47	14.12	13.91	44.4	5.35	-6.35
172	40	0	40	40	16.22	18.77	11.88	50.41	-10.25	9.69
173	0	40	40	40	20.19	18.12	9.91	49.64	13.98	14.49
174	100	0	0	70	8.78	10.16	10.43	38.14	-8.4	-7.03
175	0	100	0	70	11.63	9.65	7.22	37.2	17.71	2.92
176	0	0	100	70	14.39	14.99	6.16	45.61	-0.35	22
177	100	100	0	70	7.92	7.83	8.29	33.63	3.37	-7.42
178	100	0	100	70	8.61	10.69	6.85	39.05	-13.76	7.65
179	0	100	100	70	12.09	10.12	5.61	38.06	17.25	11.55
180	40	40	0	70	10.25	10.11	9.11	38.05	3.91	-2.77
181	40	0	40	70	11.12	12.44	8.27	41.9	-6.21	6.94
182	0	40	40	70	13.1	12.1	7.17	41.38	9.75	10.32
183	0	0	0	0	64.42	66.4	50.04	85.2	0.9	5.18
184	0	10	0	0	58.58	57.39	44.51	80.4	7.96	3.39
185	0	20	0	0	53.37	49.54	39.4	75.79	14.91	1.92
186	0	40	0	0	45.49	38.03	31.26	68.05	26.97	0.18
187	0	70	0	0	38.07	27.82	23.12	59.73	40.4	-0.32
188	0	100	0	0	34.74	23.42	19	55.5	47.62	0.68
189	10	0	0	0	55.71	59.07	48.67	81.33	-3.09	0.06
190	10	10	0	0	50.94	51.37	43.25	76.9	3.76	-1.09
191	10	20	0	0	46.53	44.49	38.38	72.55	10.49	-2.29
192	10	40	0	0	39.78	34.38	30.69	65.26	21.97	-3.74
193	10	70	0	0	33.44	25.38	23	57.44	34.74	-4.03
194	10	100	0	0	30.53	21.42	19.09	53.4	41.63	-3.13
195	20	0	0	0	48.14	52.57	47.35	77.62	-6.88	-4.8
196	20	10	0	0	44.07	45.79	42.09	73.41	-0.23	-5.66
197	20	20	0	0	40.45	39.89	37.43	69.39	6.24	-6.46
198	20	40	0	0	34.67	30.98	30.09	62.49	17.24	-7.57
199	20	70	0	0	29.28	23.09	22.83	55.16	29.36	-7.64
200	20	100	0	0	26.81	19.6	19.18	51.39	35.87	-6.8
201	40	0	0	0	36.47	42.2	44.78	71.01	-13.43	-13.13
202	40	10	0	0	33.6	37.06	39.96	67.32	-7.29	-13.41
203	40	20	0	0	30.94	32.45	35.74	63.72	-1.28	-13.89
204	40	40	0	0	26.85	25.66	29.11	57.71	8.79	-14.24
205	40	70	0	0	22.92	19.52	22.61	51.29	19.72	-13.91
206	40	100	0	0	21.1	16.79	19.33	48	25.45	-12.96
207	70	0	0	0	26.04	32.39	41.69	63.67	-20.2	-21.95
208	70	10	0	0	24.23	28.79	37.46	60.6	-14.63	-21.66
209	70	20	0	0	22.5	25.5	33.74	57.56	-9.24	-21.63
210	70	40	0	0	19.88	20.64	27.9	52.56	-0.14	-21.14
211	70	70	0	0	17.19	16.13	22.2	47.14	9.26	-20.26
212	70	100	0	0	15.92	14.11	19.37	44.39	13.96	-19.26
213	100	0	0	0	20.79	27.15	39.6	59.11	-23.94	-27.1
214	100	10	0	0	19.46	24.32	35.76	56.41	-18.82	-26.53
215	100	20	0	0	18.23	21.78	32.36	53.8	-13.86	-26.07
216	100	40	0	0	16.33	17.95	27.05	49.44	-5.45	-25.09
217	100	70	0	0	14.36	14.39	21.89	44.79	3.03	-23.71
218	100	100	0	0	13.36	12.77	19.37	42.41	6.99	-22.67
219	0	0	10	0	62.46	64.75	42.02	84.35	0.08	13.3
220	0	10	10	0	56.99	56.12	37.64	79.68	7.2	11
221	0	20	10	0	51.99	48.46	33.43	75.11	14.25	9.09
222	0	40	10	0	44.47	37.33	26.98	67.53	26.29	6.22
223	0	70	10	0	37.48	27.51	20.5	59.44	39.73	4.34
224	0	100	10	0	34.28	23.19	17.11	55.27	47	4.5
225	10	0	10	0	53.94	57.59	40.89	80.51	-4.01	8.11
226	10	10	10	0	49.43	50.16	36.68	76.17	2.88	6.26
227	10	20	10	0	45.2	43.46	32.69	71.87	9.68	4.59
228	10	40	10	0	38.78	33.67	26.56	64.7	21.21	2.07
229	10	70	10	0	32.81	25.03	20.4	57.1	33.99	0.51
230	10	100	10	0	30.04	21.19	17.18	53.15	40.9	0.68
231	20	0	10	0	46.52	51.21	39.77	76.81	-7.86	3.18
232	20	10	10	0	42.67	44.67	35.74	72.68	-1.21	1.56
233	20	20	10	0	39.16	38.91	31.97	68.68	5.26	0.18
234	20	40	10	0	33.74	30.34	26.11	61.95	16.36	-1.91
235	20	70	10	0	28.67	22.74	20.3	54.81	28.52	-3.25
236	20	100	10	0	26.35	19.4	17.28	51.15	35.03	-3
237	40	0	10	0	35.06	41.04	37.79	70.21	-14.69	-5.55
238	40	10	10	0	32.41	36.14	34.14	66.63	-8.51	-6.58
239	40	20	10	0	29.9	31.69	30.72	63.09	-2.48	-7.53
240	40	40	10	0	26.02	25.11	25.42	57.18	7.68	-8.92
241	40	70	10	0	22.32	19.17	20.13	50.88	18.73	-9.66
242	40	100	10	0	20.61	16.55	17.4	47.68	24.47	-9.25
243	70	0	10	0	24.86	31.47	35.4	62.9	-21.85	-14.81
244	70	10	10	0	23.23	28.08	32.18	59.96	-16.28	-15.18
245	70	20	10	0	21.64	24.93	29.19	57.01	-10.84	-15.59
246	70	40	10	0	19.15	20.19	24.52	52.05	-1.64	-16.13
247	70	70	10	0	16.68	15.86	19.84	46.79	7.98	-16.12
248	70	100	10	0	15.49	13.89	17.48	44.07	12.86	-15.66
249	100	0	10	0	19.74	26.36	33.69	58.38	-25.89	-20.15
250	100	10	10	0	18.57	23.7	30.78	55.78	-20.68	-20.22
251	100	20	10	0	17.48	21.3	28.06	53.27	-15.64	-20.18
252	100	40	10	0	15.7	17.59	23.83	49	-7.11	-20.16
253	100	70	10	0	13.9	14.15	19.6	44.45	1.61	-19.65
254	100	100	10	0	12.99	12.58	17.49	42.12	5.78	-19.05
255	0	0	20	0	60.66	63.14	34.99	83.52	-0.53	21.31
256	0	10	20	0	55.43	54.8	31.5	78.93	6.58	18.56
257	0	20	20	0	50.69	47.42	28.19	74.46	13.64	16.12
258	0	40	20	0	43.45	36.61	23.09	66.98	25.66	12.24
259	0	70	20	0	36.78	27.09	17.97	59.06	39.1	9.07
260	0	100	20	0	33.79	22.95	15.34	55.02	46.4	8.28
261	10	0	20	0	52.33	56.22	34.16	79.74	-4.82	15.99
262	10	10	20	0	47.99	49	30.81	75.45	2.07	13.64
263	10	20	20	0	43.96	42.5	27.67	71.22	8.9	11.41
264	10	40	20	0	37.82	33.01	22.82	64.17	20.42	7.9
265	10	70	20	0	32.16	24.65	17.94	56.73	33.26	5.11
266	10	100	20	0	29.58	20.96	15.42	52.91	40.2	4.45
267	20	0	20	0	45.05	49.99	33.31	76.06	-8.84	10.91
268	20	10	20	0	41.39	43.67	30.11	72	-2.16	8.8
269	20	20	20	0	38.01	38.05	27.18	68.06	4.3	6.78
270	20	40	20	0	32.81	29.71	22.53	61.41	15.44	3.7
271	20	70	20	0	28.05	22.4	17.91	54.45	27.66	1.24
272	20	100	20	0	25.89	19.19	15.52	50.91	34.17	0.74
273	40	0	20	0	33.78	40.02	31.76	69.48	-15.99	1.89
274	40	10	20	0	31.28	35.28	28.91	65.97	-9.74	0.31
275	40	20	20	0	28.92	30.99	26.3	62.5	-3.67	-1.28
276	40	40	20	0	25.23	24.6	22.09	56.69	6.52	-3.6
277	40	70	20	0	21.73	18.83	17.8	50.48	17.69	-5.34
278	40	100	20	0	20.13	16.29	15.62	47.35	23.56	-5.62
279	70	0	20	0	23.81	30.67	29.94	62.23	-23.51	-7.79
280	70	10	20	0	22.28	27.38	27.41	59.33	-17.85	-8.65
281	70	20	20	0	20.81	24.36	25.12	56.44	-12.31	-9.66
282	70	40	20	0	18.48	19.78	21.43	51.59	-3.05	-11.07
283	70	70	20	0	16.18	15.58	17.64	46.42	6.74	-11.97
284	70	100	20	0	15.08	13.68	15.74	43.77	11.77	-12.08
285	100	0	20	0	18.82	25.68	28.67	57.73	-27.79	-13.49
286	100	10	20	0	17.72	23.1	26.33	55.18	-22.54	-13.97
287	100	20	20	0	16.73	20.82	24.25	52.75	-17.45	-14.44
288	100	40	20	0	15.11	17.24	20.92	48.56	-8.74	-15.27
289	100	70	20	0	13.45	13.93	17.48	44.14	0.12	-15.55
290	100	100	20	0	12.64	12.41	15.76	41.87	4.56	-15.43
291	0	0	40	0	58.04	60.79	24.67	82.27	-1.38	35.68
292	0	10	40	0	53.15	52.84	22.6	77.78	5.72	31.8
293	0	20	40	0	48.68	45.76	20.53	73.39	12.84	28.31
294	0	40	40	0	41.86	35.42	17.34	66.07	24.85	22.58
295	0	70	40	0	35.69	26.4	14.18	58.42	38.23	17.11
296	0	100	40	0	33.06	22.58	12.61	54.64	45.46	14.87
297	10	0	40	0	49.76	53.96	24.22	78.44	-6	29.89
298	10	10	40	0	45.78	47.13	22.21	74.27	0.97	26.5
299	10	20	40	0	42.03	40.96	20.27	70.15	7.78	23.26
300	10	40	40	0	36.34	31.97	17.26	63.31	19.31	18.01
301	10	70	40	0	31.13	24.03	14.24	56.11	32.16	12.98
302	10	100	40	0	28.81	20.58	12.67	52.49	39.07	10.97
303	20	0	40	0	42.63	47.9	23.75	74.76	-10.3	24.41
304	20	10	40	0	39.29	41.92	21.82	70.82	-3.54	21.3
305	20	20	40	0	36.24	36.65	20.05	67.01	3.03	18.32
306	20	40	40	0	31.47	28.8	17.18	60.6	14.08	13.52
307	20	70	40	0	27.07	21.83	14.3	53.84	26.38	8.9
308	20	100	40	0	25.09	18.78	12.76	50.42	32.9	7.18
309	40	0	40	0	31.65	38.25	22.86	68.2	-18.04	14.78
310	40	10	40	0	29.41	33.78	21.19	64.79	-11.67	12.15
311	40	20	40	0	27.27	29.74	19.59	61.43	-5.52	9.64
312	40	40	40	0	24.04	23.83	17.05	55.91	4.75	5.72
313	40	70	40	0	20.84	18.32	14.32	49.88	16.1	2.02
314	40	100	40	0	19.36	15.88	12.87	46.82	22	0.63
315	70	0	40	0	22.06	29.26	21.81	61.01	-26.14	4.41
316	70	10	40	0	20.75	26.21	20.36	58.24	-20.37	2.55
317	70	20	40	0	19.45	23.36	18.98	55.44	-14.71	0.61
318	70	40	40	0	17.4	19.09	16.71	50.79	-5.32	-2.29
319	70	70	40	0	15.4	15.15	14.3	45.84	4.76	-4.89
320	70	100	40	0	14.44	13.35	13.04	43.28	9.99	-5.92
321	100	0	40	0	17.28	24.48	21.08	56.56	-30.85	-1.81
322	100	10	40	0	16.37	22.09	19.73	54.12	-25.41	-3.25
323	100	20	40	0	15.51	19.94	18.49	51.77	-20.18	-4.66
324	100	40	40	0	14.13	16.66	16.42	47.83	-11.47	-6.74
325	100	70	40	0	12.73	13.54	14.22	43.57	-2.15	-8.6
326	100	100	40	0	12	12.08	13.08	41.34	2.5	-9.4
327	0	0	70	0	55.77	58.57	15.74	81.05	-1.74	52.19
328	0	10	70	0	50.97	50.8	14.78	76.56	5.35	46.82
329	0	20	70	0	46.73	44.01	13.79	72.24	12.41	41.95
330	0	40	70	0	40.33	34.17	12.26	65.1	24.37	33.89
331	0	70	70	0	34.61	25.63	10.71	57.68	37.75	25.78
332	0	100	70	0	32.27	22.09	9.96	54.13	44.9	22.06
333	10	0	70	0	47.57	51.86	15.64	77.19	-6.62	45.79
334	10	10	70	0	43.78	45.31	14.72	73.09	0.29	41.02
335	10	20	70	0	40.24	39.38	13.77	69.03	7.14	36.48
336	10	40	70	0	34.98	30.87	12.32	62.4	18.68	29.05
337	10	70	70	0	30.13	23.35	10.83	55.43	31.43	21.5
338	10	100	70	0	28.07	20.14	10.07	52	38.28	18.04
339	20	0	70	0	40.48	45.85	15.47	73.45	-11.14	39.75
340	20	10	70	0	37.41	40.23	14.62	69.64	-4.43	35.31
341	20	20	70	0	34.57	35.23	13.78	65.92	2.07	31.09
342	20	40	70	0	30.23	27.82	12.38	59.72	13.27	24.27
343	20	70	70	0	26.18	21.25	10.96	53.22	25.43	17.28
344	20	100	70	0	24.38	18.39	10.17	49.96	31.86	14.19
345	40	0	70	0	29.78	36.49	15.27	66.89	-19.3	28.94
346	40	10	70	0	27.79	32.37	14.5	63.65	-13.06	25.29
347	40	20	70	0	25.85	28.57	13.73	60.4	-6.89	21.7
348	40	40	70	0	22.95	23.01	12.49	55.08	3.46	15.95
349	40	70	70	0	20.06	17.85	11.1	49.31	14.74	10.12
350	40	100	70	0	18.68	15.53	10.33	46.35	20.59	7.44
351	70	0	70	0	20.49	27.85	14.92	59.76	-28.15	17.52
352	70	10	70	0	19.38	25.07	14.26	57.14	-22.39	14.71
353	70	20	70	0	18.26	22.45	13.6	54.5	-16.75	11.88
354	70	40	70	0	16.5	18.48	12.46	50.07	-7.18	7.4
355	70	70	70	0	14.69	14.72	11.18	45.25	3.04	2.85
356	70	100	70	0	13.78	12.97	10.47	42.72	8.29	0.74
357	100	0	70	0	15.94	23.33	14.63	55.41	-33.37	10.75
358	100	10	70	0	15.23	21.2	13.99	53.16	-27.85	8.54
359	100	20	70	0	14.52	19.22	13.39	50.95	-22.56	6.33
360	100	40	70	0	13.33	16.12	12.37	47.14	-13.6	2.61
361	100	70	70	0	12.04	13.12	11.18	42.94	-4.09	-1.12
362	100	100	70	0	11.39	11.71	10.54	40.76	0.7	-2.89
363	0	0	100	0	54.74	57.34	11.8	80.37	-1.38	61.56
364	0	10	100	0	50.05	49.74	11.3	75.91	5.66	55.36
365	0	20	100	0	45.82	43.07	10.78	71.6	12.59	49.54
366	0	40	100	0	39.64	33.52	10	64.58	24.46	39.95
367	0	70	100	0	34.11	25.23	9.12	57.3	37.68	30.38
368	0	100	100	0	31.88	21.81	8.66	53.82	44.81	26.04
369	10	0	100	0	46.62	50.78	11.88	76.54	-6.45	54.73
370	10	10	100	0	42.95	44.39	11.37	72.49	0.45	49.25
371	10	20	100	0	39.5	38.63	10.88	68.48	7.2	43.84
372	10	40	100	0	34.39	30.33	10.12	61.93	18.65	35
373	10	70	100	0	29.68	23	9.26	55.07	31.28	26.06
374	10	100	100	0	27.7	19.89	8.79	51.71	38.06	21.92
375	20	0	100	0	39.56	44.87	11.91	72.81	-11.26	48.2
376	20	10	100	0	36.64	39.44	11.44	69.07	-4.51	43.15
377	20	20	100	0	33.91	34.56	10.99	65.41	2.04	38.19
378	20	40	100	0	29.71	27.37	10.26	59.32	13.05	30.02
379	20	70	100	0	25.8	20.96	9.42	52.91	25.18	21.79
380	20	100	100	0	24.05	18.19	8.94	49.72	31.46	17.95
381	40	0	100	0	28.91	35.56	11.94	66.18	-19.59	36.7
382	40	10	100	0	27.11	31.69	11.53	63.08	-13.32	32.55
383	40	20	100	0	25.34	28.09	11.15	59.97	-7.18	28.33
384	40	40	100	0	22.57	22.69	10.44	54.76	3.16	21.57
385	40	70	100	0	19.77	17.67	9.62	49.1	14.25	14.52
386	40	100	100	0	18.41	15.39	9.15	46.17	19.96	11.09
387	70	0	100	0	19.8	27.14	11.94	59.11	-28.74	24.49
388	70	10	100	0	18.82	24.52	11.56	56.6	-22.92	21.31
389	70	20	100	0	17.82	22.05	11.2	54.07	-17.26	18.03
390	70	40	100	0	16.16	18.21	10.52	49.75	-7.69	12.68
391	70	70	100	0	14.44	14.57	9.75	45.04	2.41	7.08
392	70	100	100	0	13.5	12.81	9.31	42.47	7.59	4.17
393	100	0	100	0	15.39	22.8	11.85	54.87	-34.25	17.45
394	100	10	100	0	14.76	20.78	11.49	52.7	-28.67	14.77
395	100	20	100	0	14.11	18.87	11.15	50.54	-23.32	12.09
396	100	40	100	0	13.04	15.9	10.5	46.84	-14.23	7.72
397	100	70	100	0	11.77	12.92	9.76	42.64	-4.73	2.92
398	100	100	100	0	11.09	11.49	9.37	40.39	0.09	0.37
399	0	0	0	20	42.71	43.94	32.89	72.19	1.03	4.84
400	0	10	0	20	39.12	38.57	29.59	68.44	6.18	3.48
401	0	20	0	20	35.92	33.76	26.44	64.77	11.61	2.39
402	0	40	0	20	31.05	26.71	21.5	58.71	20.72	1.05
403	0	70	0	20	26.4	20.26	16.46	52.13	31.01	0.58
404	0	100	0	20	24.25	17.37	13.86	48.72	36.63	1.23
405	10	0	0	20	37.49	39.55	31.92	69.15	-2.09	1.07
406	10	10	0	20	34.58	34.94	28.69	65.7	3.05	0.21
407	10	20	0	20	31.83	30.7	25.73	62.25	8.28	-0.72
408	10	40	0	20	27.65	24.47	21.12	56.55	16.98	-1.9
409	10	70	0	20	23.66	18.77	16.42	50.42	26.74	-2.26
410	10	100	0	20	21.78	16.17	13.97	47.2	32.09	-1.68
411	20	0	0	20	32.84	35.55	30.97	66.18	-5.02	-2.59
412	20	10	0	20	30.35	31.49	27.87	62.92	-0.02	-3.24
413	20	20	0	20	28.07	27.82	25.07	59.72	4.99	-3.9
414	20	40	0	20	24.48	22.31	20.7	54.36	13.32	-4.84
415	20	70	0	20	21.09	17.31	16.34	48.65	22.59	-5.14
416	20	100	0	20	19.5	15.03	14.07	45.68	27.62	-4.57
417	40	0	0	20	25.67	29.22	29.2	60.97	-10.13	-8.77
418	40	10	0	20	23.89	26.1	26.45	58.13	-5.49	-9.08
419	40	20	0	20	22.19	23.2	23.93	55.28	-0.82	-9.51
420	40	40	0	20	19.63	18.97	20.08	50.65	6.86	-9.96
421	40	70	0	20	17.18	15.07	16.26	45.74	15.27	-9.95
422	40	100	0	20	16.02	13.29	14.26	43.2	19.72	-9.36
423	70	0	0	20	19.01	23.04	27.21	55.12	-15.51	-15.58
424	70	10	0	20	17.89	20.86	24.89	52.8	-11.38	-15.51
425	70	20	0	20	16.78	18.79	22.76	50.44	-7.25	-15.66
426	70	40	0	20	15.15	15.76	19.45	46.66	-0.32	-15.52
427	70	70	0	20	13.55	12.92	16.13	42.64	7.21	-14.98
428	70	100	0	20	12.77	11.6	14.42	40.58	10.97	-14.27
429	100	0	0	20	15.56	19.67	25.87	51.46	-18.59	-19.57
430	100	10	0	20	14.73	17.97	23.83	49.46	-14.84	-19.35
431	100	20	0	20	13.95	16.38	21.96	47.46	-11.1	-19.24
432	100	40	0	20	12.8	14.01	19.04	44.25	-4.66	-18.8
433	100	70	0	20	11.67	11.77	16	40.85	2.3	-17.76
434	100	100	0	20	11.08	10.72	14.49	39.11	5.56	-16.99
435	0	0	10	20	41.5	42.91	28.15	71.49	0.39	11.09
436	0	10	10	20	38.22	37.84	25.56	67.9	5.63	9.32
437	0	20	10	20	35.14	33.17	22.95	64.3	11.05	7.87
438	0	40	10	20	30.51	26.36	18.99	58.37	20.14	5.66
439	0	70	10	20	26.1	20.11	14.9	51.96	30.47	4.12
440	0	100	10	20	24.02	17.28	12.72	48.61	36.15	4.14
441	10	0	10	20	36.38	38.61	27.36	68.47	-2.78	7.18
442	10	10	10	20	33.68	34.23	24.87	65.14	2.37	5.79
443	10	20	10	20	31.06	30.11	22.43	61.75	7.62	4.49
444	10	40	10	20	27.1	24.1	18.69	56.19	16.35	2.52
445	10	70	10	20	23.33	18.6	14.87	50.22	26.15	1.18
446	10	100	10	20	21.54	16.08	12.82	47.07	31.53	1.22
447	20	0	10	20	31.82	34.69	26.59	65.51	-5.79	3.4
448	20	10	10	20	29.5	30.81	24.19	62.34	-0.79	2.2
449	20	20	10	20	27.31	27.24	21.91	59.2	4.22	1.09
450	20	40	10	20	23.96	21.98	18.39	54	12.61	-0.59
451	20	70	10	20	20.77	17.15	14.83	48.45	21.92	-1.76
452	20	100	10	20	19.28	14.95	12.93	45.57	26.96	-1.67
453	40	0	10	20	24.77	28.48	25.22	60.32	-11.11	-3.16
454	40	10	10	20	23.16	25.54	23.1	57.6	-6.43	-3.97
455	40	20	10	20	21.57	22.75	21.07	54.82	-1.74	-4.79
456	40	40	10	20	19.17	18.68	17.95	50.31	6	-5.97
457	40	70	10	20	16.86	14.91	14.79	45.5	14.47	-6.73
458	40	100	10	20	15.77	13.19	13.11	43.05	18.93	-6.52
459	70	0	10	20	18.29	22.5	23.7	54.55	-16.79	-10.33
460	70	10	10	20	17.3	20.45	21.9	52.35	-12.61	-10.7
461	70	20	10	20	16.27	18.47	20.17	50.06	-8.45	-11.16
462	70	40	10	20	14.74	15.53	17.49	46.35	-1.43	-11.74
463	70	70	10	20	13.24	12.78	14.72	42.43	6.14	-11.87
464	70	100	10	20	12.5	11.49	13.28	40.39	9.98	-11.57
465	100	0	10	20	14.92	19.21	22.61	50.94	-20.08	-14.51
466	100	10	10	20	14.2	17.62	21.02	49.03	-16.24	-14.68
467	100	20	10	20	13.5	16.12	19.5	47.13	-12.44	-14.83
468	100	40	10	20	12.43	13.82	17.12	43.97	-5.91	-15.01
469	100	70	10	20	11.38	11.65	14.64	40.65	1.1	-14.71
470	100	100	10	20	10.83	10.62	13.36	38.94	4.44	-14.3
471	0	0	20	20	40.39	41.94	23.94	70.83	-0.14	17.3
472	0	10	20	20	37.26	37.05	21.85	67.31	5.08	15.2
473	0	20	20	20	34.35	32.56	19.78	63.8	10.5	13.33
474	0	40	20	20	29.93	25.97	16.61	58	19.57	10.36
475	0	70	20	20	25.71	19.89	13.34	51.71	29.96	7.79
476	0	100	20	20	23.76	17.15	11.61	48.45	35.67	7.08
477	10	0	20	20	35.39	37.77	23.35	67.85	-3.44	13.26
478	10	10	20	20	32.8	33.53	21.34	64.59	1.68	11.5
479	10	20	20	20	30.31	29.54	19.4	61.26	6.94	9.75
480	10	40	20	20	26.55	23.74	16.44	55.83	15.67	7.03
481	10	70	20	20	22.97	18.41	13.35	49.99	25.53	4.77
482	10	100	20	20	21.3	15.98	11.72	46.94	30.95	4.17
483	20	0	20	20	30.89	33.93	22.74	64.91	-6.62	9.32
484	20	10	20	20	28.69	30.18	20.84	61.81	-1.6	7.73
485	20	20	20	20	26.6	26.73	19.04	58.73	3.4	6.15
486	20	40	20	20	23.42	21.63	16.23	53.64	11.83	3.74
487	20	70	20	20	20.42	16.98	13.36	48.23	21.2	1.73
488	20	100	20	20	19.04	14.87	11.84	45.46	26.26	1.25
489	40	0	20	20	23.94	27.83	21.68	59.73	-12.16	2.46
490	40	10	20	20	22.44	25	20.02	57.08	-7.43	1.25
491	40	20	20	20	20.96	22.33	18.44	54.38	-2.71	-0.04
492	40	40	20	20	18.71	18.4	15.96	49.98	5.05	-1.91
493	40	70	20	20	16.52	14.74	13.37	45.28	13.61	-3.39
494	40	100	20	20	15.51	13.07	12	42.87	18.16	-3.68
495	70	0	20	20	17.63	22.02	20.55	54.05	-18.15	-5.07
496	70	10	20	20	16.7	20.04	19.11	51.88	-13.9	-5.78
497	70	20	20	20	15.76	18.14	17.76	49.66	-9.64	-6.65
498	70	40	20	20	14.34	15.31	15.62	46.05	-2.57	-7.86
499	70	70	20	20	12.93	12.63	13.36	42.2	5.05	-8.68
500	70	100	20	20	12.24	11.38	12.19	40.21	8.99	-8.82
501	100	0	20	20	14.34	18.83	19.73	50.48	-21.63	-9.52
502	100	10	20	20	13.68	17.29	18.45	48.62	-17.73	-9.98
503	100	20	20	20	13.06	15.86	17.25	46.79	-13.84	-10.46
504	100	40	20	20	12.08	13.64	15.35	43.71	-7.19	-11.24
505	100	70	20	20	11.1	11.53	13.33	40.47	-0.18	-11.58
506	100	100	20	20	10.58	10.53	12.28	38.78	3.28	-11.56
507	0	0	40	20	38.6	40.33	17.62	69.71	-0.91	28.23
508	0	10	40	20	35.78	35.78	16.38	66.36	4.32	25.3
509	0	20	40	20	33.1	31.55	15.08	62.97	9.74	22.63
510	0	40	40	20	29.01	25.3	13.07	57.36	18.8	18.26
511	0	70	40	20	25.12	19.54	10.97	51.32	29.18	13.97
512	0	100	40	20	23.39	16.99	9.9	48.25	34.89	12.14
513	10	0	40	20	33.68	36.28	17.32	66.74	-4.47	23.77
514	10	10	40	20	31.38	32.35	16.11	63.63	0.71	21.27
515	10	20	40	20	29.11	28.62	14.89	60.44	5.94	18.77
516	10	40	40	20	25.7	23.17	13.02	55.25	14.66	14.76
517	10	70	40	20	22.41	18.1	11.04	49.62	24.59	10.82
518	10	100	40	20	20.91	15.82	10	46.73	30.02	9.18
519	20	0	40	20	29.29	32.56	16.99	63.8	-7.85	19.47
520	20	10	40	20	27.36	29.11	15.84	60.88	-2.8	17.17
521	20	20	40	20	25.5	25.89	14.73	57.94	2.27	14.86
522	20	40	40	20	22.64	21.13	12.96	53.1	10.65	11.21
523	20	70	40	20	19.9	16.7	11.12	47.88	20.11	7.61
524	20	100	40	20	18.63	14.69	10.1	45.21	25.22	6.22
525	40	0	40	20	22.57	26.71	16.4	58.7	-13.87	12.06
526	40	10	40	20	21.27	24.09	15.41	56.18	-9.04	10.12
527	40	20	40	20	19.95	21.6	14.43	53.6	-4.27	8.14
528	40	40	40	20	18	17.98	12.89	49.48	3.56	5.16
529	40	70	40	20	16.03	14.5	11.2	44.94	12.26	2.27
530	40	100	40	20	15.09	12.89	10.28	42.6	16.86	1.14
531	70	0	40	20	16.55	21.21	15.79	53.18	-20.35	4.03
532	70	10	40	20	15.76	19.37	14.92	51.12	-15.94	2.62
533	70	20	40	20	14.94	17.59	14.09	48.99	-11.58	1.08
534	70	40	40	20	13.7	14.94	12.75	45.56	-4.41	-1.19
535	70	70	40	20	12.46	12.41	11.28	41.86	3.38	-3.26
536	70	100	40	20	11.85	11.22	10.48	39.95	7.47	-4.09
537	100	0	40	20	13.41	18.18	15.33	49.71	-24.16	-0.84
538	100	10	40	20	12.88	16.75	14.55	47.94	-20.05	-1.92
539	100	20	40	20	12.34	15.39	13.82	46.17	-16	-3.06
540	100	40	40	20	11.5	13.34	12.61	43.27	-9.34	-4.74
541	100	70	40	20	10.65	11.34	11.28	40.14	-2.09	-6.26
542	100	100	40	20	10.2	10.37	10.58	38.49	1.56	-6.91
543	0	0	70	20	36.73	38.52	11.96	68.4	-1.34	40.44
544	0	10	70	20	34.17	34.3	11.43	65.2	3.81	36.51
545	0	20	70	20	31.75	30.37	10.81	61.97	9.2	32.85
546	0	40	70	20	28.1	24.59	9.84	56.68	18.22	26.85
547	0	70	70	20	24.54	19.15	8.76	50.86	28.64	20.56
548	0	100	70	20	23.01	16.79	8.22	47.99	34.31	17.6
549	10	0	70	20	32.05	34.72	11.94	65.53	-5.08	35.57
550	10	10	70	20	29.98	31.07	11.38	62.57	0.05	32.13
551	10	20	70	20	27.93	27.61	10.8	59.53	5.26	28.67
552	10	40	70	20	24.88	22.55	9.89	54.61	13.97	23.13
553	10	70	70	20	21.87	17.76	8.87	49.2	23.9	17.31
554	10	100	70	20	20.54	15.62	8.34	46.48	29.3	14.56
555	20	0	70	20	27.83	31.17	11.85	62.65	-8.6	30.86
556	20	10	70	20	26.12	28.01	11.34	59.9	-3.62	27.65
557	20	20	70	20	24.45	25.03	10.82	57.11	1.36	24.44
558	20	40	70	20	21.91	20.6	9.94	52.51	9.83	19.34
559	20	70	70	20	19.41	16.41	8.98	47.51	19.27	13.99
560	20	100	70	20	18.26	14.52	8.44	44.97	24.33	11.56
561	40	0	70	20	21.46	25.7	11.77	57.75	-14.87	22.64
562	40	10	70	20	20.29	23.28	11.29	55.36	-10.18	19.96
563	40	20	70	20	19.12	20.96	10.82	52.9	-5.45	17.18
564	40	40	70	20	17.36	17.55	10.04	48.94	2.41	12.86
565	40	70	70	20	15.59	14.26	9.14	44.6	11.17	8.43
566	40	100	70	20	14.72	12.72	8.63	42.34	15.76	6.36
567	70	0	70	20	15.69	20.51	11.63	52.41	-21.89	13.85
568	70	10	70	20	15	18.81	11.21	50.46	-17.54	11.76
569	70	20	70	20	14.28	17.14	10.81	48.43	-13.19	9.5
570	70	40	70	20	13.18	14.64	10.1	45.14	-5.93	6.1
571	70	70	70	20	12.06	12.21	9.28	41.55	2.02	2.68
572	70	100	70	20	11.49	11.05	8.82	39.67	6.15	1.06
573	100	0	70	20	12.74	17.7	11.5	49.13	-26.08	8.58
574	100	10	70	20	12.28	16.36	11.1	47.44	-21.92	6.9
575	100	20	70	20	11.8	15.07	10.72	45.74	-17.83	5.13
576	100	40	70	20	11.05	13.09	10.09	42.9	-10.99	2.26
577	100	70	70	20	10.26	11.13	9.33	39.8	-3.59	-0.52
578	100	100	70	20	9.86	10.2	8.92	38.19	0.19	-1.85
579	0	0	100	20	35.77	37.47	9.36	67.63	-1.19	47.36
580	0	10	100	20	33.37	33.46	9.12	64.53	3.91	42.87
581	0	20	100	20	31.1	29.73	8.81	61.42	9.18	38.58
582	0	40	100	20	27.68	24.23	8.35	56.32	18.13	31.48
583	0	70	100	20	24.25	18.94	7.72	50.62	28.47	24.05
584	0	100	100	20	22.81	16.65	7.37	47.82	34.17	20.62
585	10	0	100	20	31.26	33.88	9.47	64.86	-5.05	42.21
586	10	10	100	20	29.33	30.41	9.19	62.01	0.02	38.27
587	10	20	100	20	27.41	27.11	8.9	59.07	5.16	34.22
588	10	40	100	20	24.51	22.25	8.43	54.29	13.79	27.66
589	10	70	100	20	21.61	17.57	7.83	48.97	23.69	20.77
590	10	100	100	20	20.36	15.51	7.5	46.32	29.09	17.53
591	20	0	100	20	27.16	30.49	9.54	62.08	-8.77	37.17
592	20	10	100	20	25.58	27.48	9.27	59.42	-3.8	33.53
593	20	20	100	20	24.01	24.62	9	56.71	1.19	29.79
594	20	40	100	20	21.6	20.36	8.55	52.24	9.52	23.72
595	20	70	100	20	19.19	16.27	7.97	47.32	18.98	17.42
596	20	100	100	20	18.1	14.44	7.64	44.85	23.99	14.45
597	40	0	100	20	20.93	25.16	9.65	57.23	-15.15	28.45
598	40	10	100	20	19.88	22.89	9.4	54.96	-10.48	25.4
599	40	20	100	20	18.8	20.69	9.15	52.61	-5.78	22.17
600	40	40	100	20	17.14	17.38	8.7	48.74	2.07	17.11
601	40	70	100	20	15.43	14.18	8.16	44.49	10.73	11.8
602	40	100	100	20	14.59	12.68	7.85	42.27	15.24	9.18
603	70	0	100	20	15.32	20.16	9.76	52.02	-22.38	19.09
604	70	10	100	20	14.7	18.54	9.51	50.14	-18.02	16.7
605	70	20	100	20	14.03	16.95	9.28	48.19	-13.67	14.14
606	70	40	100	20	13	14.52	8.85	44.96	-6.38	10.08
607	70	70	100	20	11.93	12.15	8.33	41.46	1.51	5.92
608	70	100	100	20	11.34	10.98	8.03	39.54	5.6	3.74
609	100	0	100	20	12.46	17.49	9.77	48.87	-26.79	13.64
610	100	10	100	20	12.04	16.19	9.53	47.23	-22.59	11.59
611	100	20	100	20	11.6	14.93	9.31	45.54	-18.45	9.46
612	100	40	100	20	10.91	13.01	8.89	42.77	-11.5	6.15
613	100	70	100	20	10.12	11.05	8.39	39.67	-4.07	2.61
614	100	100	100	20	9.69	10.08	8.13	37.99	-0.28	0.72
615	0	0	0	40	27.85	28.57	21.13	60.4	1.2	4.72
616	0	20	0	40	24.06	22.9	17.56	54.96	8.88	2.93
617	0	40	0	40	21.23	18.78	14.73	50.42	15.63	1.91
618	0	70	0	40	18.46	14.91	11.8	45.51	23.05	1.46
619	0	100	0	40	17.15	13.11	10.24	42.93	27.17	1.84
620	20	0	0	40	22.26	23.85	20	55.94	-3.35	-0.67
621	20	20	0	40	19.51	19.42	16.72	51.18	4	-1.67
622	20	40	0	40	17.38	16.15	14.24	47.16	10.2	-2.45
623	20	70	0	40	15.41	13.18	11.81	43.03	16.93	-2.85
624	20	100	0	40	14.47	11.78	10.51	40.86	20.61	-2.58
625	40	0	0	40	18.05	20.18	18.97	52.04	-7.25	-5.22
626	40	20	0	40	15.99	16.65	16.05	47.82	-0.4	-5.87
627	40	40	0	40	14.47	14.12	13.91	44.4	5.35	-6.35
628	40	70	0	40	13.08	11.82	11.85	40.93	11.52	-6.58
629	40	100	0	40	12.41	10.74	10.73	39.14	14.77	-6.27
630	70	0	0	40	14.04	16.52	17.76	47.65	-11.3	-10.15
631	70	20	0	40	12.73	14.05	15.5	44.3	-5.34	-10.57
632	70	40	0	40	11.77	12.23	13.73	41.58	-0.16	-10.72
633	70	70	0	40	10.88	10.53	11.89	38.77	5.55	-10.42
634	70	100	0	40	10.44	9.72	10.93	37.34	8.39	-9.98
635	100	0	0	40	11.86	14.45	16.97	44.88	-13.75	-13.1
636	100	20	0	40	10.95	12.58	15.11	42.12	-8.38	-13.36
637	100	40	0	40	10.3	11.17	13.58	39.86	-3.57	-13.29
638	100	70	0	40	9.69	9.82	11.89	37.51	1.83	-12.61
639	100	100	0	40	9.37	9.17	11.03	36.32	4.4	-12.08
640	0	0	20	40	26.59	27.52	16.18	59.45	0.26	13.89
641	0	20	20	40	23.22	22.28	13.83	54.32	7.96	10.96
642	0	40	20	40	20.67	18.43	11.97	50.02	14.68	8.73
643	0	70	20	40	18.2	14.81	10.01	45.37	22.28	6.78
644	0	100	20	40	17.03	13.11	8.96	42.93	26.51	6.16
645	20	0	20	40	21.13	22.94	15.46	55.01	-4.6	7.97
646	20	20	20	40	18.71	18.86	13.38	50.53	2.73	5.63
647	20	40	20	40	16.86	15.85	11.74	46.78	9.01	3.81
648	20	70	20	40	15.13	13.09	10.1	42.89	15.82	2.24
649	20	100	20	40	14.31	11.8	9.2	40.89	19.52	1.8
650	40	0	20	40	17.01	19.37	14.83	51.11	-8.84	2.83
651	40	20	20	40	15.32	16.22	13.03	47.26	-1.87	0.96
652	40	40	20	40	14.01	13.89	11.63	44.08	3.91	-0.5
653	40	70	20	40	12.77	11.72	10.18	40.77	10.15	-1.7
654	40	100	20	40	12.18	10.7	9.39	39.08	13.45	-1.98
655	70	0	20	40	13.26	16.01	14.21	46.98	-13.41	-2.7
656	70	20	20	40	12.19	13.76	12.74	43.89	-7.18	-4.05
657	70	40	20	40	11.35	12.05	11.56	41.29	-1.9	-5.1
658	70	70	20	40	10.54	10.42	10.29	38.58	3.78	-5.81
659	70	100	20	40	10.13	9.64	9.62	37.19	6.7	-5.99
660	100	0	20	40	11.22	14.1	13.77	44.38	-16.16	-6.03
661	100	20	20	40	10.5	12.38	12.51	41.82	-10.5	-6.96
662	100	40	20	40	9.92	11.03	11.48	39.63	-5.5	-7.73
663	100	70	20	40	9.35	9.72	10.33	37.34	-0.16	-8.11
664	100	100	20	40	9.05	9.09	9.73	36.15	2.47	-8.17
665	0	0	40	40	25.52	26.57	12.58	58.58	-0.42	21.73
666	0	20	40	40	22.51	21.74	11.12	53.75	7.25	17.72
667	0	40	40	40	20.19	18.12	9.91	49.64	13.98	14.49
668	0	70	40	40	17.95	14.69	8.63	45.21	21.66	11.3
669	0	100	40	40	16.93	13.12	7.96	42.94	25.93	9.89
670	20	0	40	40	20.2	22.17	12.21	54.21	-5.66	15.25
671	20	20	40	40	18.11	18.44	10.91	50.03	1.74	11.93
672	20	40	40	40	16.47	15.65	9.87	46.51	7.99	9.23
673	20	70	40	40	14.9	13.01	8.78	42.78	14.94	6.56
674	20	100	40	40	14.15	11.77	8.16	40.85	18.69	5.51
675	40	0	40	40	16.22	18.77	11.88	50.41	-10.25	9.69
676	40	20	40	40	14.78	15.88	10.76	46.82	-3.17	6.86
677	40	40	40	40	13.66	13.74	9.88	43.85	2.67	4.62
678	40	70	40	40	12.53	11.65	8.9	40.66	9.04	2.48
679	40	100	40	40	11.98	10.66	8.35	39.01	12.4	1.63
680	70	0	40	40	12.66	15.63	11.59	46.49	-15.23	3.76
681	70	20	40	40	11.75	13.53	10.66	43.55	-8.76	1.56
682	70	40	40	40	11.01	11.91	9.89	41.07	-3.4	-0.22
683	70	70	40	40	10.29	10.35	9.04	38.46	2.4	-1.82
684	70	100	40	40	9.93	9.6	8.58	37.11	5.44	-2.49
685	100	0	40	40	10.73	13.86	11.39	44.03	-18.24	0.14
686	100	20	40	40	10.11	12.21	10.56	41.54	-12.22	-1.59
687	100	40	40	40	9.61	10.93	9.88	39.46	-7.2	-2.95
688	100	70	40	40	9.11	9.66	9.11	37.23	-1.72	-4.2
689	100	100	40	40	8.84	9.04	8.7	36.06	1.05	-4.75
690	0	0	70	40	24.21	25.33	9.22	57.39	-0.9	30.2
691	0	20	70	40	21.71	21.06	8.58	53.02	6.69	24.94
692	0	40	70	40	19.73	17.79	7.99	49.25	13.42	20.64
693	0	70	70	40	17.68	14.54	7.29	45	21.15	16.06
694	0	100	70	40	16.77	13.06	6.93	42.86	25.41	13.87
695	20	0	70	40	19.31	21.36	9.22	53.35	-6.37	23.21
696	20	20	70	40	17.53	18.01	8.62	49.5	0.91	18.73
697	20	40	70	40	16.11	15.42	8.09	46.21	7.24	15.04
698	20	70	70	40	14.67	12.91	7.49	42.62	14.27	11.18
699	20	100	70	40	14	11.73	7.15	40.78	18.05	9.41
700	40	0	70	40	15.65	18.29	9.24	49.85	-11.11	17.14
701	40	20	70	40	14.36	15.61	8.67	46.46	-4.21	13.3
702	40	40	70	40	13.35	13.58	8.2	43.62	1.68	10.14
703	40	70	70	40	12.33	11.58	7.65	40.54	8.21	6.95
704	40	100	70	40	11.83	10.62	7.33	38.93	11.66	5.46
705	70	0	70	40	12.26	15.38	9.24	46.15	-16.47	10.73
706	70	20	70	40	11.42	13.37	8.75	43.32	-10.1	7.6
707	70	40	70	40	10.76	11.82	8.32	40.93	-4.65	5.04
708	70	70	70	40	10.11	10.3	7.82	38.38	1.34	2.56
709	70	100	70	40	9.77	9.56	7.54	37.05	4.46	1.38
710	100	0	70	40	10.43	13.74	9.22	43.85	-19.72	6.86
711	100	20	70	40	9.85	12.12	8.75	41.41	-13.7	4.31
712	100	40	70	40	9.38	10.86	8.37	39.34	-8.55	2.14
713	100	70	70	40	8.92	9.62	7.91	37.14	-2.92	0.08
714	100	100	70	40	8.69	9.01	7.66	36.01	-0.01	-0.9
715	0	0	100	40	23.51	24.6	7.6	56.68	-0.94	34.98
716	0	20	100	40	21.3	20.68	7.34	52.59	6.57	28.98
717	0	40	100	40	19.52	17.63	7.07	49.04	13.24	23.96
718	0	70	100	40	17.56	14.46	6.65	44.89	20.94	18.61
719	0	100	100	40	16.68	13.02	6.4	42.79	25.21	16.06
720	20	0	100	40	18.89	20.96	7.82	52.91	-6.6	27.62
721	20	20	100	40	17.29	17.81	7.52	49.27	0.64	22.52
722	20	40	100	40	15.96	15.34	7.24	46.09	6.9	18.18
723	20	70	100	40	14.59	12.86	6.86	42.56	14.02	13.67
724	20	100	100	40	13.94	11.71	6.64	40.75	17.8	11.51
725	40	0	100	40	15.37	18.04	7.98	49.55	-11.45	21.22
726	40	20	100	40	14.2	15.5	7.67	46.32	-4.59	16.83
727	40	40	100	40	13.25	13.53	7.39	43.55	1.31	13.2
728	40	70	100	40	12.27	11.57	7.04	40.52	7.87	9.4
729	40	100	100	40	11.78	10.62	6.83	38.93	11.33	7.52
730	70	0	100	40	12.08	15.25	8.14	45.98	-16.94	14.45
731	70	20	100	40	11.31	13.32	7.83	43.24	-10.6	10.91
732	70	40	100	40	10.67	11.79	7.55	40.88	-5.11	7.93
733	70	70	100	40	10.06	10.31	7.23	38.4	0.92	4.95
734	70	100	100	40	9.72	9.56	7.04	37.04	4.06	3.4
735	100	0	100	40	10.33	13.71	8.2	43.81	-20.31	10.47
736	100	20	100	40	9.76	12.1	7.9	41.37	-14.27	7.42
737	100	40	100	40	9.32	10.85	7.63	39.33	-9.04	4.96
738	100	70	100	40	8.87	9.61	7.32	37.14	-3.32	2.41
739	100	100	100	40	8.63	8.99	7.15	35.97	-0.38	1.07
740	0	0	0	60	18.1	18.5	13.44	50.1	1.36	4.73
741	0	20	0	60	16.38	15.75	11.78	46.64	6.93	3.46
742	0	40	0	60	15.06	13.65	10.38	43.72	11.83	2.76
743	0	70	0	60	13.6	11.51	8.81	40.42	17.09	2.39
744	0	100	0	60	12.87	10.45	7.92	38.63	20.07	2.59
745	20	0	0	60	15.25	16.17	13.11	47.2	-2.01	0.65
746	20	20	0	60	13.93	13.91	11.49	44.1	3.33	-0.05
747	20	40	0	60	12.87	12.16	10.22	41.47	7.85	-0.62
748	20	70	0	60	11.9	10.54	8.98	38.8	12.73	-1
749	20	100	0	60	11.4	9.73	8.26	37.35	15.44	-0.9
750	40	0	0	60	13.03	14.3	12.74	44.66	-4.87	-2.71
751	40	20	0	60	11.99	12.42	11.27	41.87	0.1	-3.24
752	40	40	0	60	11.22	11.03	10.18	39.64	4.29	-3.65
753	40	70	0	60	10.54	9.76	9.13	37.41	8.85	-3.94
754	40	100	0	60	10.22	9.15	8.54	36.26	11.34	-3.8
755	70	0	0	60	10.78	12.32	12.22	41.72	-7.94	-6.31
756	70	20	0	60	10.16	11.02	11.16	39.61	-3.53	-6.79
757	70	40	0	60	9.69	10.02	10.3	37.88	0.26	-7.06
758	70	70	0	60	9.2	9	9.32	35.99	4.43	-7.04
759	70	100	0	60	8.95	8.5	8.78	35.01	6.55	-6.83
760	100	0	0	60	9.49	11.15	11.84	39.84	-9.83	-8.45
761	100	20	0	60	9.13	10.21	11.06	38.22	-5.77	-8.88
762	100	40	0	60	8.84	9.44	10.36	36.83	-2.27	-9.08
763	100	70	0	60	8.47	8.59	9.43	35.18	1.64	-8.81
764	100	100	0	60	8.26	8.16	8.91	34.31	3.57	-8.53
765	0	0	20	60	17.69	18.22	11.07	49.76	0.66	10.98
766	0	20	20	60	16.1	15.59	9.91	46.43	6.26	8.94
767	0	40	20	60	14.88	13.58	8.94	43.62	11.19	7.44
768	0	70	20	60	13.65	11.61	7.89	40.59	16.67	6.09
769	0	100	20	60	13.03	10.62	7.29	38.94	19.79	5.66
770	20	0	20	60	14.81	15.87	10.84	46.81	-2.95	6.61
771	20	20	20	60	13.6	13.72	9.75	43.83	2.37	5.02
772	20	40	20	60	12.68	12.1	8.89	41.37	6.95	3.74
773	20	70	20	60	11.84	10.59	8.03	38.87	11.97	2.6
774	20	100	20	60	11.44	9.85	7.55	37.57	14.76	2.25
775	40	0	20	60	12.6	14.03	10.63	44.28	-6.09	2.92
776	40	20	20	60	11.71	12.3	9.67	41.69	-1.04	1.6
777	40	40	20	60	11.04	11	8.93	39.58	3.18	0.52
778	40	70	20	60	10.42	9.78	8.18	37.44	7.84	-0.43
779	40	100	20	60	10.14	9.19	7.75	36.34	10.37	-0.69
780	70	0	20	60	10.52	12.28	10.46	41.65	-9.59	-1.07
781	70	20	20	60	9.96	11.01	9.7	39.59	-5.01	-2.15
782	70	40	20	60	9.51	10.01	9.09	37.85	-1.14	-3.03
783	70	70	20	60	9.05	9	8.38	35.99	3.12	-3.68
784	70	100	20	60	8.82	8.51	7.99	35.02	5.36	-3.89
785	100	0	20	60	9.33	11.23	10.3	39.97	-11.75	-3.46
786	100	20	20	60	8.98	10.27	9.71	38.31	-7.51	-4.37
787	100	40	20	60	8.66	9.45	9.17	36.83	-3.83	-5.09
788	100	70	20	60	8.3	8.59	8.5	35.18	0.17	-5.51
789	100	100	20	60	8.1	8.15	8.12	34.29	2.22	-5.65
790	0	0	40	60	17.31	17.93	9.27	49.41	0.12	16.27
791	0	20	40	60	15.86	15.43	8.49	46.22	5.75	13.55
792	0	40	40	60	14.73	13.51	7.83	43.52	10.74	11.41
793	0	70	40	60	13.65	11.66	7.14	40.66	16.37	9.25
794	0	100	40	60	13.15	10.75	6.76	39.16	19.58	8.26
795	20	0	40	60	14.46	15.66	9.16	46.52	-3.82	11.66
796	20	20	40	60	13.4	13.64	8.44	43.71	1.6	9.41
797	20	40	40	60	12.57	12.1	7.87	41.38	6.22	7.56
798	20	70	40	60	11.8	10.64	7.28	38.96	11.37	5.7
799	20	100	40	60	11.44	9.92	6.95	37.71	14.22	4.92
800	40	0	40	60	12.3	13.9	9.09	44.08	-7.25	7.72
801	40	20	40	60	11.52	12.25	8.45	41.61	-2.09	5.76
802	40	40	40	60	10.92	11.02	7.96	39.62	2.2	4.16
803	40	70	40	60	10.36	9.82	7.44	37.52	7	2.59
804	40	100	40	60	10.08	9.23	7.13	36.42	9.59	1.95
805	70	0	40	60	10.32	12.27	9.1	41.64	-11.09	3.47
806	70	20	40	60	9.79	11.01	8.57	39.59	-6.32	1.83
807	70	40	40	60	9.36	10.01	8.13	37.87	-2.36	0.49
808	70	70	40	60	8.95	9.03	7.64	36.05	2.03	-0.76
809	70	100	40	60	8.73	8.54	7.36	35.08	4.38	-1.32
810	100	0	40	60	9.2	11.33	9.1	40.13	-13.44	0.86
811	100	20	40	60	8.83	10.29	8.63	38.37	-8.98	-0.52
812	100	40	40	60	8.52	9.47	8.24	36.88	-5.22	-1.63
813	100	70	40	60	8.18	8.61	7.76	35.22	-1.06	-2.64
814	100	100	40	60	8	8.17	7.49	34.34	1.1	-3.12
815	0	0	70	60	16.75	17.44	7.43	48.81	-0.36	22.07
816	0	20	70	60	15.58	15.23	7.09	45.94	5.32	18.53
817	0	40	70	60	14.63	13.47	6.75	43.46	10.37	15.69
818	0	70	70	60	13.61	11.66	6.35	40.67	16.04	12.63
819	0	100	70	60	13.13	10.78	6.13	39.21	19.22	11.09
820	20	0	70	60	14.12	15.42	7.54	46.21	-4.59	17.17
821	20	20	70	60	13.23	13.58	7.18	43.63	0.9	14.16
822	20	40	70	60	12.51	12.13	6.87	41.43	5.62	11.67
823	20	70	70	60	11.77	10.67	6.52	39.03	10.85	9.04
824	20	100	70	60	11.42	9.97	6.32	37.78	13.72	7.8
825	40	0	70	60	12.11	13.83	7.63	43.99	-8.2	12.97
826	40	20	70	60	11.42	12.28	7.29	41.66	-3.02	10.32
827	40	40	70	60	10.87	11.08	7.01	39.72	1.39	8.12
828	40	70	70	60	10.33	9.88	6.69	37.63	6.3	5.89
829	40	100	70	60	10.05	9.28	6.49	36.51	8.94	4.83
830	70	0	70	60	10.15	12.26	7.75	41.63	-12.29	8.45
831	70	20	70	60	9.68	11.04	7.45	39.64	-7.49	6.19
832	70	40	70	60	9.29	10.07	7.2	37.97	-3.41	4.33
833	70	70	70	60	8.88	9.08	6.88	36.14	1.09	2.5
834	70	100	70	60	8.67	8.58	6.7	35.16	3.47	1.6
835	100	0	70	60	9.06	11.35	7.81	40.17	-14.8	5.69
836	100	20	70	60	8.71	10.33	7.53	38.44	-10.25	3.81
837	100	40	70	60	8.42	9.51	7.3	36.94	-6.39	2.17
838	100	70	70	60	8.09	8.64	6.99	35.29	-2.15	0.58
839	100	100	70	60	7.92	8.2	6.82	34.4	0.07	-0.22
840	0	0	100	60	16.4	17.1	6.48	48.39	-0.49	25.36
841	0	20	100	60	15.41	15.08	6.36	45.74	5.23	21.31
842	0	40	100	60	14.59	13.45	6.21	43.43	10.25	18.04
843	0	70	100	60	13.58	11.66	5.95	40.66	15.88	14.45
844	0	100	100	60	13.11	10.79	5.79	39.22	19.09	12.68
845	20	0	100	60	13.95	15.31	6.72	46.05	-4.97	20.29
846	20	20	100	60	13.18	13.57	6.55	43.61	0.62	16.83
847	20	40	100	60	12.51	12.17	6.38	41.48	5.36	13.91
848	20	70	100	60	11.77	10.71	6.13	39.08	10.63	10.87
849	20	100	100	60	11.41	9.99	5.99	37.82	13.51	9.37
850	40	0	100	60	12.02	13.81	6.9	43.96	-8.65	15.91
851	40	20	100	60	11.4	12.32	6.71	41.73	-3.42	12.88
852	40	40	100	60	10.89	11.14	6.53	39.82	1.05	10.36
853	40	70	100	60	10.34	9.93	6.3	37.72	5.99	7.75
854	40	100	100	60	10.04	9.31	6.17	36.58	8.62	6.42
855	70	0	100	60	10.08	12.26	7.08	41.62	-12.82	11.14
856	70	20	100	60	9.64	11.07	6.89	39.7	-7.98	8.62
857	70	40	100	60	9.27	10.11	6.71	38.04	-3.84	6.49
858	70	70	100	60	8.88	9.13	6.5	36.22	0.67	4.32
859	70	100	100	60	8.65	8.61	6.37	35.21	3.05	3.14
860	100	0	100	60	9.01	11.37	7.16	40.2	-15.39	8.33
861	100	20	100	60	8.67	10.36	6.98	38.47	-10.77	6.12
862	100	40	100	60	8.4	9.54	6.81	37.01	-6.85	4.31
863	100	70	100	60	8.07	8.67	6.6	35.34	-2.58	2.34
864	100	100	100	60	7.88	8.21	6.48	34.42	-0.36	1.28
865	0	0	0	80	12.63	12.88	9.22	42.58	1.46	4.64
866	0	40	0	80	11.57	10.73	7.95	39.12	9.03	3.35
867	0	70	0	80	10.94	9.59	7.14	37.1	13.19	3.08
868	0	100	0	80	10.61	8.98	6.65	35.95	15.68	3.17
869	40	0	0	80	10.18	10.98	9.4	39.55	-3.07	-1.2
870	40	40	0	80	9.48	9.38	8.25	36.7	3.58	-1.97
871	40	70	0	80	9.14	8.62	7.66	35.24	7.1	-2.21
872	40	100	0	80	8.98	8.23	7.31	34.45	9.15	-2.19
873	70	0	0	80	8.92	9.95	9.35	37.75	-5.56	-4.11
874	70	40	0	80	8.53	8.77	8.44	35.54	0.65	-4.68
875	70	70	0	80	8.24	8.11	7.9	34.22	3.79	-4.93
876	70	100	0	80	8.09	7.77	7.59	33.5	5.51	-4.97
877	100	0	0	80	8.18	9.34	9.3	36.63	-7.15	-5.88
878	100	40	0	80	7.95	8.38	8.57	34.77	-1.24	-6.5
879	100	70	0	80	7.75	7.85	8.07	33.67	1.7	-6.52
880	100	100	0	80	7.6	7.54	7.77	33	3.23	-6.51
881	0	0	40	80	12.78	13.15	7.38	42.99	0.64	12.27
882	0	40	40	80	11.77	10.96	6.66	39.52	8.73	9.27
883	0	70	40	80	11.32	9.95	6.3	37.75	13.17	7.84
884	0	100	40	80	11.12	9.43	6.1	36.8	15.78	7.09
885	40	0	40	80	10.14	11.22	7.59	39.95	-5.15	6.18
886	40	40	40	80	9.44	9.53	6.94	36.99	2.03	3.72
887	40	70	40	80	9.16	8.78	6.64	35.56	5.89	2.55
888	40	100	40	80	9.03	8.41	6.47	34.81	8.07	1.99
889	70	0	40	80	8.97	10.35	7.73	38.46	-8.16	3.06
890	70	40	40	80	8.47	8.96	7.19	35.9	-1.47	0.81
891	70	70	40	80	8.22	8.29	6.87	34.58	2	-0.15
892	70	100	40	80	8.1	7.95	6.71	33.87	3.99	-0.67
893	100	0	40	80	8.32	9.86	7.87	37.59	-10.02	1.02
894	100	40	40	80	7.95	8.67	7.36	35.34	-3.66	-0.86
895	100	70	40	80	7.72	8.05	7.04	34.08	-0.37	-1.7
896	100	100	40	80	7.55	7.68	6.84	33.31	1.37	-2.21
897	0	0	70	80	12.79	13.26	6.43	43.15	0.07	16.56
898	0	40	70	80	11.91	11.13	6.06	39.8	8.48	12.44
899	0	70	70	80	11.46	10.08	5.83	37.99	13.12	10.41
900	0	100	70	80	11.26	9.55	5.71	37.02	15.88	9.31
901	40	0	70	80	10.22	11.45	6.77	40.32	-6.18	10.18
902	40	40	70	80	9.54	9.73	6.36	37.36	1.29	6.86
903	40	70	70	80	9.23	8.93	6.16	35.85	5.22	5.16
904	40	100	70	80	9.06	8.51	6.04	35.02	7.42	4.28
905	70	0	70	80	8.98	10.53	6.92	38.78	-9.51	6.89
906	70	40	70	80	8.49	9.11	6.58	36.19	-2.48	3.87
907	70	70	70	80	8.19	8.37	6.34	34.74	1.1	2.43
908	70	100	70	80	8.01	7.95	6.2	33.89	3.1	1.6
909	100	0	70	80	8.3	10.03	7.04	37.89	-11.52	4.85
910	100	40	70	80	7.94	8.79	6.74	35.58	-4.79	2.16
911	100	70	70	80	7.62	8.07	6.46	34.12	-1.45	0.84
912	100	100	70	80	7.42	7.65	6.3	33.25	0.4	0.05
913	0	0	100	80	12.83	13.34	5.91	43.27	-0.2	19.13
914	0	40	100	80	12	11.24	5.74	39.98	8.35	14.23
915	0	70	100	80	11.55	10.16	5.57	38.13	13.14	11.89
916	0	100	100	80	11.29	9.59	5.47	37.09	15.82	10.58
917	40	0	100	80	10.24	11.56	6.32	40.5	-6.79	12.45
918	40	40	100	80	9.65	9.89	6.06	37.64	0.92	8.73
919	40	70	100	80	9.28	9.03	5.9	36.04	4.85	6.69
920	40	100	100	80	9.07	8.56	5.81	35.12	7.07	5.56
921	70	0	100	80	8.98	10.64	6.49	38.96	-10.29	9.06
922	70	40	100	80	8.55	9.22	6.26	36.41	-2.96	5.67
923	70	70	100	80	8.19	8.42	6.06	34.84	0.64	3.9
924	70	100	100	80	7.94	7.94	5.93	33.85	2.64	2.8
925	100	0	100	80	8.27	10.1	6.59	38.03	-12.38	7.02
926	100	40	100	80	7.96	8.88	6.39	35.75	-5.37	3.95
927	100	70	100	80	7.57	8.07	6.15	34.13	-1.93	2.25
928	100	100	100	80	7.3	7.58	5.99	33.09	-0.06	1.2
END_DATA
</data_ti3>
</profile>
